12
21
75
175
10
10
150
475
10
10
775
200
10
10
650
500
10
10
1125
375
10
10
375
200
10
10
400
575
10
10
300
300
10
10
775
375
10
10
900
570
10
10
1035
210
10
10
555
330
10
10
775
200
150
475
10
75
175
150
475
10
375
200
650
500
10
775
200
375
200
10
375
200
75
175
10
775
200
1125
375
10
1125
375
650
500
10
400
575
775
200
10
400
575
75
175
10
375
200
300
300
10
300
300
75
175
10
300
300
400
575
10
775
375
775
200
10
1125
375
1125
375
10
900
570
1125
375
10
400
575
650
500
10
400
575
900
570
10
650
500
900
570
10
375
200
555
330
10
300
300
150
475
10
150
475
400
575
10
